# Created by Octave 4.2.2, Sat Oct 12 00:12:01 2019 EAT <african@Africa>
# name: variable
# type: matrix
# rows: 1
# columns: 2
 1 2


